image: demo.pgm
resolution: 0.05
origin: [-7.731753, -17.491857, 0.000000]
negate: 0
occupied_thresh: 0.65
free_thresh: 0.196

