image: demo5.pgm
resolution: 0.050000
origin: [-7.753503, -18.350000, 0.000000]
negate: 0
occupied_thresh: 0.65
free_thresh: 0.196

